118
3.3213709586797813 3.205145531273872 3.198056045407692 2.363728999060069 2.194113041850985 1.4044174122218787 1.010924943793306 0.6137523521856961 0.37024874954668197 0.2711738855280625 0.24351232513080473 0.2908136462213805 0.641537663442277 0.7495890827820999 2.5663454234225167 2.8879887947040284 2.6591326721807196 3.861119646632181 3.24504588772759 2.8561506861725885 2.6668462020878954 1.7343831041313909 0.9215442324966312 0.4886902548263222 0.3676586831745958 0.20479936031627277 0.2734260405605788 0.2870838310671576 2.5989166343673498 3.5854083475562213 4.573192068837304 3.7432142090859792 3.015308046125553 2.2809781101272213 1.7267869412919272 1.0106417693196823 0.5885453131667692 0.6524934868668824 0.7030309498704913 0.37931363465952206 0.6249653138854656 0.7178795205914091 0.8157027682117922 1.100028622581036 1.4937846685503295 1.803254414228458 2.4471789801722266 2.6174671518680817 3.3188759235839456 3.3802568189390416 2.8002863979125525 2.0941758681887004 2.641543353863881 1.8991398211658004 1.3696198236228951 1.4406306793437345 0.9325368315117337 0.5161218960911372 4.594547171114155 3.775455567379234 3.038917711417382 3.7691255220131934 3.662294515621546 3.0408722247336537 2.6888632672416253 2.2054597583999427 1.883587391077601 1.3643777895692493 1.1802630902963618 0.959994582396721 0.7322167898469462 0.48643369383956353 0.3115079732155038 0.2753155434452536 0.1345040522953544 0.22787590632917856 0.3904147083287086 0.22974272854703962 0.10802487338624654 0.10795111183123986 0.21830594709155957 0.31402375319835996 0.33008144601551115 0.5108000148721307 0.4770391893782048 0.9802881542128455 1.5783044266968784 3.007145900738066 3.2011972930888484 4.277382904803125 4.14653068997362 3.153328843408748 3.730523933631926 4.457269716051928 4.814741539168251 5.56007857057373 5.593852020090568 4.07044723724687 4.533850212604693 3.4157725751935044 3.26152321982015 1.4236867503809394 0.2075661643933644 0.15871944769242446 0.39718011387650193 0.44536830387766724 0.6872251508059708 0.8379229174382672 0.7815077428492937 0.5436925276531419 0.30924497296071 0.7411577266140976 1.6255437613905592 2.4057642643742314 2.277830572134776 4.692801100043486 4.9019494762145595 1.033423012578196 1 
3.205145531273872 3.2269891868928267 3.334458278820291 2.6209270928866677 2.551893570504098 1.6952416989902217 1.1925251011444586 0.7209819225287697 0.3756959281395345 0.25699571711693053 0.19232766556884257 0.20949304913144748 0.46373238164459085 0.5216592072027306 2.113205795226332 2.566756135812862 2.4799226339807574 3.8227189299795126 3.3429528147973815 3.2318736522813714 3.145551337525771 2.1322224506910734 1.1862472507814148 0.619115167570021 0.40336135434053433 0.18450026408104078 0.20514594800209648 0.18572365885150324 2.6676093324611276 3.8076063964045006 4.775862896487508 3.827643036432723 3.113343379109657 2.4613187721097867 1.941430532609334 1.1456250927947864 0.6705105510483732 0.679747597434346 0.6873545676953337 0.3383132787733803 0.5435258366698882 0.5687047300503759 0.6003317778258886 0.9009451572549738 1.1591966925498902 1.4443514017707653 1.8912378193657902 2.3964698042478356 2.851490497699756 3.0127307350423216 2.6353421216038595 2.0700439090327674 2.6718443917672583 2.0152607461288303 1.4735718605192432 1.682448792033146 1.0267496027779852 0.5638029776710862 4.269942548527065 3.4666110339278227 2.7226199513731224 3.191150486143478 2.9989145326938167 2.47692154082167 2.0627942839388806 1.5725577963506594 1.3765742545008177 0.9110286147754396 0.7824682821168567 0.6434994656069615 0.4655212000255229 0.29960892594053745 0.18144989937978026 0.1612602126538391 0.08392989076183906 0.16180092311366262 0.3006112957603916 0.18560185554952546 0.08878608958492273 0.10705559887088177 0.20445909729835746 0.35102721419000105 0.432246450718364 0.635255159079227 0.7102733133150808 1.3065914685631677 2.0426133962129938 3.6085961532218938 3.5229982087837666 4.6130639744189414 4.6275392486042355 3.616582948291177 3.5442764230593977 4.283692675233205 4.819121864072143 5.517670712248077 5.069585104040531 3.5638091699120196 3.7245300441842257 2.6154123043946735 2.608978065432268 0.9106402847888067 0.22395954353689793 0.20005316149113647 0.44262175741298465 0.5899135158181781 0.8619910354674178 0.9562744045016022 1.030663579372321 0.7655319165741981 0.4542578694453121 1.0327159924357645 2.1505487320584424 2.9601573728259494 2.7091138194644837 5.1720522118230114 4.7843295932492556 0.7796009206865517 1 
3.198056045407692 3.334458278820291 3.5457551030068166 2.910623026349184 2.936653196591118 1.9879359468072437 1.3633800895757309 0.8102993012862977 0.3679772925824598 0.23382363596446304 0.14593018041026037 0.14558594977034245 0.33565931438967234 0.36479700934597514 1.8189469306496515 2.3765458411139178 2.3919455162807233 3.9085285061591395 3.521003922994247 3.6595837698430747 3.672276781348269 2.5464404613246048 1.4446693287202863 0.7320176502167988 0.42182193254401545 0.15796423124690517 0.1484456244904097 0.11420302177972169 2.7893491222572586 4.117848172817559 5.11684459208552 4.017468678128161 3.280737735611373 2.6731371407180595 2.1654711439638237 1.2697530299233022 0.7346759294974733 0.6946587750900856 0.6670271776120017 0.2953888767898094 0.4726443586715819 0.45420930961297606 0.4469637258479579 0.7541737605210662 0.9290037386741465 1.2002364171209423 1.529498119209742 2.273588159132245 2.567761730858594 2.805580199229868 2.564731621235834 2.088073557649612 2.7609890561916335 2.1510605860720773 1.5786168071737812 1.9250248171024624 1.1095669339235905 0.5946500621843299 4.149454649832356 3.321595333445737 2.5417141265529875 2.842428401816463 2.5877927091685082 2.1183047052256416 1.6599461205918555 1.1689716980073368 1.0452232816565845 0.6222725112997299 0.5276427532789302 0.43601000831328823 0.293912646936906 0.17882868172350727 0.0986436647977134 0.0876094461014327 0.04693431402866384 0.10916324153601466 0.22748724723072955 0.14366780553168695 0.06678439866478357 0.0966556033192778 0.1821233650293167 0.37051602847409665 0.5170692725294292 0.7417238209768409 0.9420548619837447 1.6343745585715261 2.528131089764507 4.277005512170133 3.911651212198823 5.065876806227354 5.2174666826643845 4.145373895570525 3.4972628647547324 4.282255097155889 4.9911434248776185 5.687352026009277 4.835785119491972 3.277915521800532 3.2373074040051506 2.1121847839948824 2.1963787457843567 0.5936926682766317 0.2255195787514004 0.22567696821655917 0.4701811679612979 0.7187753630586484 1.0218673395007922 1.060189830328859 1.2721917263502132 0.9804129912612535 0.5888921528192611 1.3239464668398775 2.7057605814245385 3.5601757101918694 3.173288659932001 5.7862076373752585 4.853409244858941 0.6003683123880151 1 
2.363728999060069 2.6209270928866677 2.910623026349184 2.7019965632680236 2.901619174979154 2.207909442531309 1.587359013129488 1.0554721502367566 0.4944076789958448 0.3320399512301443 0.18687334045495252 0.15723759837904938 0.25993765429339083 0.2510529770368741 1.1243944723712445 1.6091231069271636 1.7633320212971246 2.9091740099694383 2.8411645415922306 3.3600486503303872 3.5601770853493817 2.764242028461906 1.8395194851137013 1.0642630692271255 0.6013894503953927 0.24120807932439467 0.172030646132515 0.10948653820086955 2.332942529967202 3.3890214667672294 3.967195226089961 3.13397660519416 2.68930843394557 2.4253970439588355 2.161969424400083 1.428114279665594 0.9447177840265967 0.8072210009766199 0.71593858717805 0.3535937786012567 0.46575277621075506 0.3824852138099374 0.3248516190837634 0.5793573492232027 0.6021200552614687 0.7759615769086483 0.8597204087234183 1.6395999937971213 1.6037258021294927 1.8467919429337447 1.8940984175114612 1.7417602328425361 2.261865556964151 1.9849645966451104 1.581108768436004 2.064953924218801 1.2383416643976783 0.7663883802839083 2.74326107499369 2.236081563054511 1.7229114573505597 1.6885710181029887 1.4624390512655534 1.2364830456992608 0.8989493732267966 0.5819332211745563 0.5711848102241555 0.31780315343508797 0.28018294746088285 0.25570097798040503 0.1750023311697723 0.12192414878990447 0.07808092068284689 0.07516335042724046 0.06684966498726136 0.13059468990130813 0.23249373107307497 0.19243657165677389 0.12928883896497556 0.2039208748763206 0.2783737672064781 0.5612423868238506 0.8490325254903299 1.0534858947610477 1.518049480928222 2.1095491390955368 2.917635763136657 4.138868834704541 3.4184393526094 4.128551542105679 4.446615354966162 3.799423228808797 2.4769616238583407 2.986337376529928 3.6327324551323716 3.9995110246482883 2.9741213131088693 2.0237346984364986 1.7592943540682946 1.074597663821037 1.2230612694624017 0.2729891639316193 0.3832704280794158 0.4535223970550509 0.6624414276786401 1.0998001271117461 1.3602914654980112 1.2518617287493699 1.7067153104680421 1.485733092539685 1.0442000192065313 1.8650030080584556 3.163735663534023 3.6578330250821987 3.1845198702213025 4.771262249482904 3.403426408379303 0.41747455556437074 1 
2.194113041850985 2.551893570504098 2.936653196591118 2.901619174979154 3.2434099151855587 2.554663102584545 1.8171522553842276 1.216386114621991 0.5181605675514634 0.3328261764230911 0.15667302970489377 0.1145109877204193 0.17447029761964788 0.15377321866655153 0.8478230297008863 1.3529553981769373 1.5828703726741302 2.7684868542193826 2.831560121984285 3.657932483005222 4.010707413586218 3.2293803768069465 2.2336897471758546 1.2920298482826609 0.6689980370310084 0.23452273846718555 0.133684560444348 0.06637274476923333 2.3289012657289656 3.472175497454693 3.9786704671463538 3.089658215018604 2.6908897572021653 2.545465581848532 2.3627145733509964 1.5878163284977747 1.066777077391332 0.8484759380907353 0.7094222213702949 0.32908133478367074 0.41013376699161136 0.2951900482281139 0.2197711631999156 0.4557564969937551 0.4250940404904095 0.5708830842737177 0.5808970805602999 1.4392309758607367 1.2764891991991403 1.5491092321732067 1.7160135055814845 1.682773904032859 2.22380886793037 2.060472105287289 1.6741479725693091 2.331913768170452 1.3485520382253458 0.8420024603788233 2.407994222992213 1.9445882683818652 1.4615935603989771 1.3060909317215854 1.0715706825389857 0.9069073310894151 0.5946561653499083 0.33348494777659904 0.3516479539456266 0.16311200171022897 0.14402057240518754 0.13927867537666266 0.08679356929264266 0.06001544749512013 0.036549825387256527 0.036789530152240804 0.04323238071126621 0.09574411163988242 0.1811124452078346 0.16639730035853154 0.12059016346972411 0.2207148188335174 0.2790929153552244 0.6352570364721647 1.056758806774385 1.2638594716284377 2.0076707397257345 2.613443479281481 3.530728448102739 4.716009100549849 3.626691405664465 4.277428451864796 4.754510026534385 4.175695456844976 2.249450545127424 2.735707861240072 3.480073916098311 3.7820870751815536 2.5078180521862192 1.6426327283682123 1.282127583588586 0.6960649881713374 0.8652373234450963 0.12275933885677458 0.42870461928688114 0.5602080344468809 0.7435689869465992 1.3714178987286343 1.6325542897601946 1.4044277110218504 2.1071604639050556 1.9092279098526475 1.3777556229879169 2.3758060207617744 3.8800595507223172 4.257176439027745 3.6185725890435947 5.034889209617535 3.167146847260243 0.28885487577899666 1 
1.4044174122218787 1.6952416989902217 1.9879359468072437 2.207909442531309 2.554663102584545 2.296830979325635 1.7984340902990366 1.4056152633231365 0.7447224151634008 0.5573675363236981 0.31335094384399054 0.23017677601734166 0.23113292496955912 0.18968842734040414 0.5421835580042483 0.8662141627296359 1.0790012058784348 1.7098814200059806 1.8962987598365952 2.6519514225123717 3.0046713249278785 2.7433105818818326 2.26217104324438 1.5761483378744707 0.9339556385852977 0.45348482303011756 0.26589347384108525 0.1524531031578842 1.6741792472889943 2.2900701830742785 2.4132827333120144 1.9680839969576178 1.8473838665915752 1.9421095664424057 1.98246574182354 1.5737212977497075 1.25727929145062 0.9843425819839371 0.811777825564819 0.49875965308210557 0.5084279158206556 0.3542689430540848 0.25260366937808565 0.44085319884192997 0.3490509968875416 0.42917105748614187 0.3617224568474317 0.9772839536088928 0.7490481420485889 0.9304519792568964 1.1525084325758064 1.2851230942151322 1.58020293399895 1.6590096040916211 1.5029877749668619 2.075540093351188 1.3737163677111506 1.0476715906597178 1.3288680380654945 1.1446004155660772 0.9212026232476194 0.7128991547355215 0.5712898329037301 0.5279044298723495 0.34835162304234574 0.20521458043055718 0.24513456156509744 0.13534090589473918 0.13279463278429676 0.14849112512856893 0.114320140524984 0.10769770932717718 0.09460681186152527 0.10128136630149463 0.1519236258835189 0.21986598313133626 0.29750919774163764 0.33467251782528945 0.3251903840245195 0.5053766198679491 0.5121780040485591 0.9291842144804272 1.4374703952630987 1.5277092463066684 2.385229754821994 2.598536365346231 3.0941359990405464 3.4413743367979395 2.5165850833483034 2.7006492444198056 3.0867863182801356 2.9597817443499923 1.3658895673834592 1.5724301610593936 2.0138645831503363 2.0739867837241763 1.2499838688681413 0.8974134291220941 0.6171834303600597 0.353587957139903 0.476605958458192 0.09672487729458568 0.7359924001362771 0.9713382655529149 1.005282697593048 1.7018197091527423 1.8028934796513985 1.4765364929782077 2.229947507817637 2.212235151028873 1.8463876968001758 2.5368935476926406 3.3823000352702333 3.3158638069376387 2.8360414488716774 3.1369602848727913 1.7846469988010794 0.28956813561759254 1 
1.010924943793306 1.1925251011444586 1.3633800895757309 1.587359013129488 1.8171522553842276 1.7984340902990366 1.5593473704494494 1.386745485209345 0.9396435368692457 0.803938871363011 0.5660065173464598 0.45898971646551123 0.4009039403141323 0.3435736877827805 0.510386777791646 0.7093683535168209 0.8634752519252649 1.1464991008502894 1.3059339264641996 1.7817363107653001 2.0075100125879155 2.0081471089410714 1.8908356389436596 1.553797593592663 1.1005359732780937 0.7273210030671176 0.5045488474959552 0.3633136965255537 1.2388905041363354 1.4970389170550487 1.4767757965213648 1.3021049119585728 1.2996427189696254 1.4384074731822065 1.5424139945697362 1.4063924632624931 1.2839309274869606 1.0583910974809427 0.9110010920890785 0.7154161730673915 0.6709187313636699 0.5144562659111458 0.40289620623497435 0.5457972955254282 0.43166908488708644 0.4748456512518842 0.38356551116880755 0.8012846117808247 0.6070223628456163 0.7183956881179564 0.8985401372542364 1.0495768021217158 1.1773387999520653 1.3129437649191285 1.290489007126046 1.6511661249364884 1.2835865146573922 1.1440781894352208 0.8817747309816294 0.8242505097367525 0.7345400333755183 0.5604961355089061 0.47443211343918573 0.4745502425900973 0.36175719635976594 0.2665460183044661 0.31695997469583537 0.23862655011300438 0.2464000673766524 0.27903709236530966 0.2565765347170783 0.2724167701668238 0.27735891251697187 0.2936212440896118 0.40296838204499197 0.4627017896933681 0.5122277583973185 0.593651819015549 0.6341528954939215 0.8303003092284718 0.7804676742715464 1.1169905388642023 1.5164422165547964 1.51009962843584 2.1324473560562027 2.092713250981629 2.2509868670104294 2.2030755315633024 1.6640676446160318 1.6561286799273407 1.8748278308194255 1.9174208549484635 0.9578723996072422 1.0268462641335108 1.2443102056612998 1.2265125539469401 0.7861603696618877 0.6592440521534226 0.4678104259475635 0.3358885114421234 0.42864303654214064 0.19227968840788826 0.9959736637146662 1.232996736624222 1.148430089803837 1.662957089672424 1.6487045152198159 1.377954096501324 1.910956065023847 1.983988809795382 1.8350887413486945 2.128222462127779 2.4121687709306414 2.224211105179978 1.9690802870794504 1.8480176620234803 1.1146869013492537 0.41704746641127527 1 
0.6137523521856961 0.7209819225287697 0.8102993012862977 1.0554721502367566 1.216386114621991 1.4056152633231365 1.386745485209345 1.4448999912918143 1.2340136252872702 1.1857878780604643 0.9725230034166863 0.8260169713780013 0.617154135134981 0.5318300802004251 0.40366912242776676 0.4921067895586314 0.604438648189474 0.6300753962361894 0.7750021469276857 1.0755655365760477 1.2263048808709773 1.435288506433383 1.6458546030648542 1.648128579924985 1.3740154701112983 1.1714568113637616 0.8860312663243739 0.7218184266246447 0.8239328157164052 0.8308134359341968 0.7196688373719968 0.7177528173767888 0.8001700977203635 0.9868205358217647 1.161513242879326 1.282951400098229 1.380955566867947 1.1746176695052817 1.0368426581325008 1.0266849902998036 0.8690776320994579 0.6995790174158905 0.5716949144452219 0.629047503765206 0.47023007897064034 0.46082126277394037 0.33261578989449414 0.5732273327621752 0.3980959066603773 0.4537312111413698 0.6082697780297167 0.7916251579567547 0.7837378253003736 0.9855759180203886 1.0936834686318573 1.3034094281028559 1.2262929098078947 1.312504896808855 0.44652178467381975 0.47731188310056005 0.49214556881597543 0.34210045779514536 0.3028327779288332 0.3435197694396176 0.29980454801509543 0.2704054328404114 0.33603804070735754 0.32776903372777083 0.35879695852855376 0.4248502323223888 0.4478345773415641 0.5316198946464384 0.6068938534325128 0.6455362966041243 0.8876527838722772 0.8733147838960601 0.8252479989087452 1.012464584551511 1.1912194993692427 1.4008618231593808 1.210705308096582 1.4308548263505023 1.747063421793198 1.5999659420960946 2.08282700324572 1.751281836533917 1.6230774273529116 1.2656561621312605 0.9633137596375101 0.8300964378296609 0.9452051549703617 1.098045511722282 0.548370806166621 0.5234223495808901 0.5952196394026107 0.534710838339555 0.3475803293554065 0.37358708848864575 0.25431987722207305 0.23919180427887687 0.30180902975026164 0.2786744676278347 1.4265466499827206 1.706932672444537 1.3924616746181235 1.762728353216815 1.5959329426928115 1.3307760177886692 1.7280746416026982 1.9250450094275795 2.019232652218778 1.8977137576593117 1.7017595745939234 1.393109026779784 1.282659104266089 0.8739254745833251 0.5311035484127484 0.5361198798502614 1 
0.37024874954668197 0.3756959281395345 0.3679772925824598 0.4944076789958448 0.5181605675514634 0.7447224151634008 0.9396435368692457 1.2340136252872702 1.5758353044162814 1.7712906683454455 1.8830007347031577 1.813764356840415 1.3642021835349067 1.284604978259501 0.5354598429597294 0.4562996494274737 0.4837377781119475 0.29962045055924474 0.3644738426502916 0.39837680573460255 0.41929236033320927 0.6238454059019732 0.964461230162281 1.3425984792899552 1.554932691832908 1.9370126337992597 1.835496445071724 1.8511206713467576 0.46899920089361685 0.3141377424964728 0.22297943129824646 0.3050059211245848 0.3970626951388828 0.5198930485415746 0.6534130800424877 0.952917911826222 1.2689204977687074 1.2377678142891668 1.2145766296251639 1.602452758254344 1.3215410016047788 1.2696530367732797 1.2174955332286437 1.0080162826845895 0.84754251576453 0.7318409370744289 0.5774885207104797 0.49655411540971806 0.39938689420362605 0.3819363835203287 0.45607877780727346 0.5890258340510688 0.46505295656719353 0.6198231117873558 0.7952880923556125 0.7410030197222743 1.0094201482032086 1.3598874608843297 0.24498506030685008 0.3262975217365664 0.42987131670684764 0.3459902784647751 0.3665643772014704 0.45417841534342346 0.5310144401759973 0.6553799931747488 0.7347264706724072 0.9454837843199493 1.0322970319077562 1.1504146753694524 1.3260218191708042 1.5724981231359434 1.836182029287015 1.9007923500882402 2.244187975231657 1.9479296912919213 1.6309672516188414 1.9075011396149695 2.278921863598979 2.2310597623723685 1.8920023455456068 1.6385129799139213 1.5589723360061098 1.3228746898910955 1.3017673761932642 0.9169233920747617 0.6586716595133641 0.3601337978837726 0.35415765103546754 0.240873400110342 0.24530544362809184 0.350557279903965 0.32343260158135695 0.2494672043363135 0.21306331071315818 0.166721421638387 0.1807385663121115 0.3056440335910768 0.275959932544358 0.41471987315596365 0.4254266466810915 0.9337343457695477 1.8770277799607373 1.9720053074726236 1.5055464128134803 1.3819152575495974 1.1453354438669876 1.0602892515527715 1.0527138888375245 1.244046297504422 1.5580832873069121 1.0651357303318405 0.6359633683768069 0.4568564178551355 0.4930928799226745 0.20325843096059484 0.2116546543214101 1.0704202617301797 1 
0.2711738855280625 0.25699571711693053 0.23382363596446304 0.3320399512301443 0.3328261764230911 0.5573675363236981 0.803938871363011 1.1857878780604643 1.7712906683454455 2.104450577904036 2.4126432421788 2.3935744805657175 1.7687419811447447 1.694622794756545 0.5545057843934884 0.41030939554133733 0.4136700799427066 0.18936025417648905 0.23560676540481834 0.22828726570274993 0.23061139439431222 0.41420960049774014 0.7762285727658688 1.2757802272752965 1.6796669034360237 2.3829109061489087 2.389035606006268 2.538718076720833 0.344588014807035 0.17594879050505705 0.10398154459679357 0.18185958858847912 0.26699915218412795 0.37270024554809716 0.49614014310704113 0.8479658387424017 1.2556407625440738 1.2829640502353443 1.3023551970573495 1.9149836210797788 1.545823104263759 1.5560149559580683 1.550936142791177 1.1719904967071093 1.003690848399396 0.8254194739995003 0.6531743842125675 0.43935449333407106 0.3639353554799501 0.32386716193439535 0.3771875266826039 0.49997112881958816 0.3480226602291592 0.49234585211992615 0.6897242745153092 0.5730388332603753 0.9402983758888218 1.4117334210456745 0.16146351162952394 0.24854925345357526 0.37521226310522565 0.31062178291650305 0.35295032372863855 0.46153606253218854 0.598892246558606 0.8188784274163818 0.9041335256905013 1.2697766202694163 1.3951399932744943 1.5462079478622763 1.8372253510932472 2.2037716318643827 2.6120067928303237 2.6937701996024392 3.1039825882843326 2.592332011890284 2.0810682155476448 2.4286212252914403 2.945594799965644 2.7402991477535195 2.287296606408465 1.78354448181569 1.5506905648477984 1.2627185246839427 1.1071374502303193 0.6968495864588367 0.4239935276773156 0.17187813734492505 0.19864647607181907 0.10892838766065022 0.1027512138888826 0.1798693322192873 0.23010124604829812 0.15341356702615538 0.10818272680011189 0.07378862129432533 0.11012111970491793 0.2488531579046922 0.2466097513209105 0.45275276415987076 0.43790647364722673 1.2943032142512796 2.1553721391421736 2.1803838209594364 1.5979999581848183 1.2967398679996154 1.02150839895532 0.9794760571837456 0.8691096857644061 1.0693626209827682 1.4665770294034606 0.8482872368791662 0.3891848566222057 0.24777955294807524 0.2972031134780762 0.07546245821383604 0.11454293712776184 1.3280403421601217 1 
0.24351232513080473 0.19232766556884257 0.14593018041026037 0.18687334045495252 0.15667302970489377 0.31335094384399054 0.5660065173464598 0.9725230034166863 1.8830007347031577 2.4126432421788 3.162300752821061 3.3649958885262907 2.6494339628138324 2.676491746931433 0.8178202322264669 0.5022422066920589 0.43851198026309085 0.14112474147937923 0.15562305066414958 0.09570057961923675 0.07907954830518212 0.1842651056581689 0.4534117603640837 0.9755942633042674 1.6416586153811779 2.8477126059661577 3.2573031710042097 3.8130477487998324 0.25963536879330923 0.08861899887378859 0.044238079370763496 0.113730625853091 0.18209282770512356 0.24269117002472623 0.31938726839039544 0.6563698907015566 1.0920530532441417 1.2592279078126325 1.3910764341625468 2.3058477687535457 1.9171429963517517 2.1504237252413567 2.3426973233520996 1.6030283468484623 1.5292503783623055 1.225648891639286 1.088782383430553 0.4934031815819048 0.4966732833706475 0.3937141429808513 0.38579738135872954 0.45941859675708 0.27663050171110626 0.37124011419012626 0.5553426490363638 0.35548025401710653 0.7912560050591892 1.3330781528413629 0.16040693699005046 0.2691155041675086 0.44831771995375413 0.4508474306162769 0.5625114446181738 0.717875530259092 1.0341388488467824 1.5283860360583685 1.5669668623821515 2.3113362377033866 2.48557712474122 2.6248417882791277 3.131177728672909 3.624492602608034 4.204074153925475 4.261620556722749 4.4664557664767335 3.619512406823365 2.8407674858345096 3.1297267971916694 3.6931122687975897 3.1106272560770996 2.6570140094061667 1.7363339144207155 1.2413205323070042 0.9839916071970687 0.6343353838446318 0.3543376585693212 0.161874946135624 0.040757802412493944 0.08809952132726932 0.03727827687540746 0.02527725256354851 0.05907589594158685 0.21492788342537322 0.12708588260756476 0.06366669526031793 0.04003848301421095 0.12243070679134287 0.32486059973848647 0.41099006980041775 0.8374438208662003 0.7223515184051046 2.4938885680975504 2.245893402510656 2.0452991136349397 1.5201868691226073 0.9460389443387307 0.7182513633902596 0.7865092759474313 0.5175562454190672 0.6483747671109847 1.0168757838679632 0.4507766350569262 0.1278288856505249 0.07296873520793658 0.11872965759244175 0.015375093793058459 0.08113248269644134 2.005628945564911 1 
0.2908136462213805 0.20949304913144748 0.14558594977034245 0.15723759837904938 0.1145109877204193 0.23017677601734166 0.45898971646551123 0.8260169713780013 1.813764356840415 2.3935744805657175 3.3649958885262907 3.737532753568539 3.144535359859681 3.284105651104192 1.1095838219715544 0.6512842810609096 0.5262119390051658 0.1661295826508598 0.16063443692410126 0.07213164750905884 0.049932376501292605 0.11996450168830666 0.31852737068161197 0.776656027247321 1.5034386404940787 2.863201419882925 3.553320364399812 4.376729010015168 0.26449827693264427 0.08383020818505098 0.045749605601049674 0.12228907182739149 0.18545622909240694 0.22010151789425436 0.26820984162244327 0.5656617652310575 0.959460209729085 1.1996057169327123 1.3981633329380072 2.385545176027591 2.0700627500292703 2.472613942471765 2.831730737083744 1.8936004308176269 1.950323768397101 1.580412726173278 1.5314553926912262 0.6043201319510467 0.6934565124521258 0.5307713902086749 0.4619591082180702 0.48975820185106517 0.2907661842773323 0.3494692085917246 0.5112660067058087 0.2807324953438403 0.7111174214824985 1.2203155979511326 0.22781823959922806 0.3611009582212869 0.5833601612369466 0.6652376122775944 0.8469424381549019 1.026059427673903 1.495331500229173 2.2035904769374457 2.1573509093582635 3.140197649593167 3.309761361408557 3.376088249345633 3.968514447676942 4.4323658498644 5.004274636677077 5.010853226839627 4.910688084139105 3.9735460256229618 3.144259582298575 3.293590329808338 3.7480975031675117 2.979796716385706 2.6344039802111388 1.573485830184448 0.9930769993099553 0.7961475945847505 0.4065589522752724 0.22586459211660204 0.09050105178191262 0.02050880719395926 0.07293807597263709 0.032621818439796446 0.017587167680696972 0.0398543886331433 0.27217843135858094 0.16753898693574 0.07829140462781096 0.05445913759189273 0.20083944250303568 0.47587729066259177 0.6687937959262161 1.295754929729814 1.0685544082174678 3.4753028769038883 2.0845397723726666 1.759633246132388 1.375214051984644 0.7237708249472767 0.5562447063716934 0.678801477456758 0.36077040082385015 0.44008781531009117 0.7311091202007163 0.2855677242100494 0.06299509190287639 0.03852094626636961 0.07822431380662447 0.011048194548700738 0.10773202301656973 2.4651196342974564 1 
0.641537663442277 0.46373238164459085 0.33565931438967234 0.25993765429339083 0.17447029761964788 0.23113292496955912 0.4009039403141323 0.617154135134981 1.3642021835349067 1.7687419811447447 2.6494339628138324 3.144535359859681 3.1593379051302763 3.4818725638866046 1.8632874108483006 1.2041546827551746 0.9274420626881272 0.45909197821036435 0.3716144817355725 0.1574036122290971 0.10242223071754117 0.13835711230801961 0.23759716982399004 0.5069795171203458 1.0695261668046263 2.0720490580419426 2.912724484935369 3.800829613383131 0.4716367876188523 0.24076145628638596 0.21172583648759905 0.3450557851660857 0.39126574431617783 0.3492067300073431 0.3311197075511465 0.5152585252647115 0.7311771610354528 1.01256811996339 1.258977745866089 1.9391236992057994 1.9204797767335993 2.4809538930988655 3.024209030522969 2.151644794205323 2.5272270678904056 2.208748162752239 2.4893759636178436 1.0474271108028772 1.404208602747924 1.1157789391153512 0.8517267637437209 0.7256534203892208 0.523715108208915 0.4754693797088644 0.5614847238306154 0.2968984129434135 0.6447280117574904 0.9345518308089543 0.7053537016761247 0.8663039851622375 1.1257342661867993 1.4774074160425763 1.7979041195869514 1.9095688539612716 2.5534079810966888 3.3996937204522357 3.1042731110629616 4.045133860173006 4.068552965521221 3.8825907877301216 4.283432589360749 4.360723455604207 4.544609713541125 4.4369293722749905 3.7884394589388295 3.21220581673665 2.741974305950345 2.544476974939829 2.5769456974968774 1.9003601956171223 1.8901177304128247 1.0739781257705598 0.5896280837473881 0.5358142754270241 0.20303538863458329 0.16119290040464856 0.0892759226305457 0.058250370682749054 0.18517174124192023 0.15149956047629703 0.09462876738645325 0.10920282269077693 0.6722407895718818 0.5368954598013387 0.3312786849726372 0.31192227469021994 0.7762146007667342 1.1675910828291125 1.6917085403993664 2.5402914682933107 2.0683992881147772 4.572095937319812 1.3724381268672239 1.0123513222310705 0.9804977099002478 0.43955248753671183 0.3956485741709739 0.5726388159552783 0.2454486229174695 0.2483662481168423 0.37152514487831095 0.17195466094086068 0.06104942067476247 0.0681740430360087 0.12511065808784969 0.0894833765189247 0.4264644610005937 2.812780965964236 1 
0.7495890827820999 0.5216592072027306 0.36479700934597514 0.2510529770368741 0.15377321866655153 0.18968842734040414 0.3435736877827805 0.5318300802004251 1.284604978259501 1.694622794756545 2.676491746931433 3.284105651104192 3.4818725638866046 3.9219121468087264 2.261402681107176 1.4409344881221375 1.0706374606852396 0.5405800870618256 0.40997087218689127 0.14897453744143951 0.0872414605094046 0.10730801060403938 0.17703590609895561 0.40554451326368257 0.9647445831183359 1.9974148740154511 3.0011099530573477 4.05935819288575 0.5057622305021875 0.26078237875342886 0.24567970808561282 0.39292909688797406 0.4258389201849798 0.3491480801501523 0.30683772258630504 0.4634773071575658 0.647629724264766 0.9617824930272812 1.247178125637517 1.9318589518483753 1.992429678270997 2.6871652342000636 3.381707307832885 2.388858790691808 2.941579441291678 2.5959601047881344 3.0628608955893495 1.2187346543129933 1.7383417630047175 1.3647085161506998 0.9851765735705595 0.7822060096736589 0.5704115439186098 0.47629911649581086 0.5408493071114346 0.2583360398549508 0.5957040522293476 0.8523761570535457 0.8923537399501585 1.063842247802596 1.3519934571212662 1.8738508821903048 2.294179259610781 2.3778734991907386 3.1839446175772244 4.217455002427558 3.7636379506737803 4.848275538677343 4.81857509992136 4.5039398625303635 4.912042094888135 4.875658972667891 4.974792924731676 4.81300705626321 3.8969409921992946 3.3175704381796036 2.8681109251083727 2.5470226742024633 2.4830091688469813 1.7404993018592352 1.8030263424331219 0.955205000426496 0.4643478262370805 0.4367438368956534 0.124872852584952 0.10945683629815811 0.05929689364278726 0.0464173471643276 0.18692535914820996 0.16595889707513517 0.09662460390199108 0.10098145416355475 0.8088246029958208 0.6632405752915768 0.4047861258923401 0.39719579243309266 1.0325723078904896 1.4817373393748012 2.2281967706395016 3.267130967595045 2.6141492937442354 5.549593579119502 1.234788935514435 0.8401521159405417 0.8771002022172275 0.33522609890995486 0.31519825376167604 0.5093208762867925 0.17777520027137736 0.16740300632253338 0.2568614321818173 0.11067216322698041 0.03617293620497853 0.05042689347231469 0.1044394902824838 0.09624599658390265 0.5324783059330275 3.187986967027749 1 
2.5663454234225167 2.113205795226332 1.8189469306496515 1.1243944723712445 0.8478230297008863 0.5421835580042483 0.510386777791646 0.40366912242776676 0.5354598429597294 0.5545057843934884 0.8178202322264669 1.1095838219715544 1.8632874108483006 2.261402681107176 3.6278554799414855 3.112665532260198 2.480528043355335 2.5860434978608775 1.9358283048278346 1.1488051035460634 0.8853806999795661 0.550004873559215 0.3114437612061106 0.2583185469972281 0.41046486111708835 0.5444849840039208 0.9806243113851628 1.3560780754582795 1.6866474360987886 1.8130836675399082 2.322138558072801 2.2096715449669824 1.8218832964997411 1.2457127362551585 0.8668459682037853 0.6122275914807858 0.4497200726139867 0.6696356420034175 0.870559585193981 0.7914143681303363 1.1534120531067666 1.6181957399063926 2.11482334852846 1.989248398983961 2.8648795193010104 3.0195856701655015 4.195045057520423 2.61689436124011 3.8623693561210475 3.46725582298628 2.4919628095944066 1.6915011894090834 1.8118474141320131 1.1906523186023008 0.9149148021248409 0.6499624966770288 0.6626603220860877 0.4952362594717374 3.764318281444399 3.3938373717805983 3.146205982268447 4.462732330939072 4.843650786263135 4.263438083959637 4.602031938117914 4.773884746343484 3.9770037886735556 3.8496985664653836 3.505039946244144 2.934991042956338 2.6859606513068615 2.12905398817155 1.7237522735367476 1.5701877276723168 0.8930053335881485 0.9801246399521193 1.1593638169170297 0.7514345789416337 0.47789962590787954 0.31269485933703517 0.5099323150498195 0.35607112684337383 0.19055656178847794 0.28716113505337654 0.10227884919245343 0.2608883290063591 0.3868884125514918 0.8644803718221372 1.4196833001522213 1.905988927634658 1.5748880292136462 1.1417650677629423 2.9652304445088093 3.236429552888133 2.9037354031492217 3.349858869640115 4.802178939262964 4.240819063297012 5.668023514030704 5.575857831287243 4.747449252339096 4.364697492825105 0.33117110192554866 0.17508082838001704 0.40282215061729965 0.20002141386012345 0.31359294890090844 0.5366880577338677 0.25333136382783966 0.15152662991684418 0.10248467793197821 0.17811414791806812 0.34068140619204257 0.6556445485580495 0.7701690947029188 1.8265167068110115 3.266497926564002 2.357516994907205 1 
2.8879887947040284 2.566756135812862 2.3765458411139178 1.6091231069271636 1.3529553981769373 0.8662141627296359 0.7093683535168209 0.4921067895586314 0.4562996494274737 0.41030939554133733 0.5022422066920589 0.6512842810609096 1.2041546827551746 1.4409344881221375 3.112665532260198 3.00535225905157 2.557151931335804 3.116488755495379 2.469857281079822 1.7940395447146045 1.5328020044112982 0.9769570024597652 0.5348901734657299 0.3512390730052414 0.3913676864980839 0.36435676706056547 0.5882413650285784 0.7403895258293194 2.065018232646981 2.513402515352421 3.211485750335108 2.8335376253651976 2.310021104431812 1.6617724224464094 1.2072909120327766 0.7764529598357651 0.5100541158048636 0.662291584737498 0.792090163196561 0.580593500121758 0.887812690042183 1.150605295706009 1.4252135678088513 1.5425623421196226 2.168772541542491 2.4146911768931623 3.3214845386300027 2.6138494245012125 3.603848248460584 3.4223948769730104 2.6251804337024804 1.8650106788334588 2.159317302665088 1.483259642569156 1.105428883261769 0.956651011479971 0.7775088990615798 0.5052108596043428 4.119207864572032 3.557503123731667 3.0928757874151662 4.132013520544899 4.27424346672062 3.670166203015143 3.6457435698981078 3.443642326984482 2.897360869260476 2.51213632482788 2.2449617213960718 1.860488656010782 1.5960606732872382 1.191403434563712 0.8937830077802219 0.8065269499895432 0.4380184240698236 0.5524009262814691 0.7437448513572759 0.465915610297728 0.26722084130125007 0.20299063279757815 0.3583915395284648 0.33728670010966966 0.2480906248947066 0.37848492321095367 0.22721257253651198 0.5113368002204672 0.7937721449906245 1.6198551372798164 2.106006198196607 2.8194938679276578 2.5343604469574768 1.8856103034483607 3.2920692952938535 3.7505402101746785 3.683259213404354 4.250677577898477 5.140472150964703 4.155901340350043 5.123965905631509 4.502973185809224 4.022142792836819 2.762724306324704 0.27115942239434326 0.16817328459635705 0.40092057737402603 0.29576164930849286 0.45945067290273933 0.6624298496058957 0.44523270212043636 0.28975782409655243 0.17834408576000982 0.37011795334184616 0.764967305125281 1.2661273897081877 1.320444789566932 2.9008459874135815 3.945318493281843 1.6677112539486665 1 
2.6591326721807196 2.4799226339807574 2.3919455162807233 1.7633320212971246 1.5828703726741302 1.0790012058784348 0.8634752519252649 0.604438648189474 0.4837377781119475 0.4136700799427066 0.43851198026309085 0.5262119390051658 0.9274420626881272 1.0706374606852396 2.480528043355335 2.557151931335804 2.2892847589838072 2.937260533709443 2.449547345063771 2.0087211705869037 1.8201545136889763 1.243516741103313 0.7384981849893907 0.48006701368960075 0.45101303149322675 0.35693759570199196 0.4909991737890411 0.5583191644483856 2.0535628897754235 2.578119106678632 3.2054562427084012 2.773914402559522 2.3023178789492142 1.7615407915995474 1.358957185099117 0.8975439375004474 0.603781557974628 0.7043070099759778 0.785391106437408 0.5444239329785036 0.7928536466924776 0.9435528404620094 1.0968680052364062 1.2713395308900974 1.6846788058911837 1.9081217345638886 2.5141986489427 2.2982278149207174 2.9541812225125947 2.903069526226615 2.3677917122409493 1.790782145942875 2.1103444663249484 1.549494145011092 1.1867041242277472 1.1378671964178175 0.8693623719737957 0.5717824247517432 3.6061671630593186 3.0961995275416108 2.647135680193235 3.3258099364964684 3.3423186675739456 2.877451081592895 2.732203724998076 2.4604586362016723 2.1242891082092745 1.7545830660045885 1.5726470675285638 1.3282522193109987 1.1185406572431749 0.8405280590515162 0.6298614146616904 0.5754180170840081 0.34261273880212734 0.44951665925517215 0.6182961125616317 0.4153321508093235 0.2538290084733246 0.22417355631171557 0.3617642579782956 0.3994038976680184 0.3580654277325107 0.503751598397939 0.4006194517750232 0.7444694844220163 1.0947254676356406 1.9666487486984094 2.266668393721373 2.934288792030322 2.75972010056934 2.144818494906888 2.969626875861429 3.40560262374275 3.491416968568764 3.9735011648384373 4.358388341311258 3.4422701101257256 3.9865379483264545 3.336144874340243 3.0960149520802247 1.870995429058109 0.31434305151145714 0.23464069167872165 0.46888360941038093 0.4316512240949403 0.6144782841725291 0.7768395321441016 0.63968449817383 0.46411580225296767 0.30689073383159193 0.5813017205806639 1.0926479541409975 1.6027597664894195 1.592377522121298 3.0974532108369335 3.633030267421663 1.2908466577511897 1 
